version https://git-lfs.github.com/spec/v1
oid sha256:d2be7c84c6f27f41bd1b7d2a8010607bb0d71abb11ae041b905bcceaab66dccb
size 4194
